imagetype=uncorrected-q
dtype=uint16
horsize=2048
versize=2048
region_ulc_x=0.0
region_ulc_y=0.0
bcenter_x=1041.58114546
bcenter_y=2206.61923588
detect_dist=2521.46747904
detect_tilt_alpha=1.57624384738
detect_tilt_delta=-0.540278539838
wavelenght=0.8
Qconv_const=0.00311484550139
